61
 2.57798684079679E+0002  2.17884089337044E+0000  1.00000000000000E+0005
 2.57861965650708E+0002  2.69200613231131E+0000  7.95000000000000E+0004
 2.57940765882871E+0002  3.33101359704093E+0000  6.31000000000000E+0004
 2.58037180674775E+0002  4.11285776240956E+0000  5.02000000000000E+0004
 2.58156765097715E+0002  5.08258322057271E+0000  3.99000000000000E+0004
 2.58307106902427E+0002  6.30171601106204E+0000  3.16000000000000E+0004
 2.58487396964398E+0002  7.76368934078729E+0000  2.52000000000000E+0004
 2.58714745433379E+0002  9.60724081586454E+0000  2.00000000000000E+0004
 2.58993789175069E+0002  1.18699566767707E+0001  1.59000000000000E+0004
 2.59343917844247E+0002  1.47090428461656E+0001  1.26000000000000E+0004
 2.59754173725065E+0002  1.80356189076701E+0001  1.01000000000000E+0004
 2.60281051874359E+0002  2.23077311379421E+0001  8.02000000000000E+0003
 2.60951756393528E+0002  2.77458750058703E+0001  6.33000000000000E+0003
 2.61767327144015E+0002  3.43583640108150E+0001  5.02000000000000E+0003
 2.62778656997291E+0002  4.25576552324759E+0001  3.98000000000000E+0003
 2.64003896906152E+0002  5.24906529762107E+0001  3.17000000000000E+0003
 2.65500219527360E+0002  6.46204881657717E+0001  2.53000000000000E+0003
 2.67521522550197E+0002  8.10046000177119E+0001  1.98000000000000E+0003
 2.69832934120936E+0002  9.97382216285636E+0001  1.58000000000000E+0003
 2.72578110257014E+0002  1.21984625402650E+0002  1.27000000000000E+0003
 2.76323970580667E+0002  1.52335469718944E+0002  9.98000000000000E+0002
 2.80656353754207E+0002  1.87431538372467E+0002  7.97000000000000E+0002
 2.86342527670385E+0002  2.33482973989105E+0002  6.28000000000000E+0002
 2.92696556837086E+0002  2.84927814183111E+0002  5.06000000000000E+0002
 3.01417878601914E+0002  3.55512704993079E+0002  3.98000000000000E+0002
 3.11832973589822E+0002  4.39765769096060E+0002  3.16000000000000E+0002
 3.24451451535606E+0002  5.41784656070497E+0002  2.52000000000000E+0002
 3.40758813677730E+0002  6.73533011034211E+0002  1.99000000000000E+0002
 3.60533101948133E+0002  8.33147981521365E+0002  1.58000000000000E+0002
 3.84502623737956E+0002  1.02641679139300E+0003  1.26000000000000E+0002
 4.14767539194845E+0002  1.27011935750646E+0003  1.00000000000000E+0002
 4.53113213993628E+0002  1.57836946468308E+0003  7.90000000000000E+0001
 4.97690245661714E+0002  1.93598332770127E+0003  6.33000000000000E+0001
 5.56996196865104E+0002  2.41055248669345E+0003  4.99000000000000E+0001
 6.27894651293880E+0002  2.97609394000461E+0003  3.97000000000000E+0001
 7.14207035845141E+0002  3.66198262034096E+0003  3.17000000000000E+0001
 8.29600247799527E+0002  4.57455113825903E+0003  2.49000000000000E+0001
 9.63090815999858E+0002  5.62403796176092E+0003  1.99000000000000E+0001
 1.13372739185927E+0003  6.95606133852670E+0003  1.58000000000000E+0001
 1.35862450496125E+0003  8.69575545571949E+0003  1.24000000000000E+0001
 1.61663281774389E+0003  1.06699560028565E+0004  9.93000000000000E+0000
 1.93760888729416E+0003  1.30948259078295E+0004  7.95000000000000E+0000
 2.35176253874907E+0003  1.61747193873419E+0004  6.32000000000000E+0000
 2.88034848855313E+0003  2.00296237358139E+0004  5.01000000000000E+0000
 3.56802396245517E+0003  2.49252044504888E+0004  3.95000000000000E+0000
 4.38824206071565E+0003  3.06006823415613E+0004  3.16000000000000E+0000
 5.48700621369432E+0003  3.79492687019836E+0004  2.50000000000000E+0000
 6.82972785276976E+0003  4.65747589792316E+0004  2.00000000000000E+0000
 8.60898951100629E+0003  5.74764954015397E+0004  1.59000000000000E+0000
 1.08736770454940E+0004  7.06032459517729E+0004  1.27000000000000E+0000
 1.40651680956146E+0004  8.79117859730772E+0004  9.99000000000000E-0001
 1.81927298715907E+0004  1.08620594066319E+0005  7.92000000000000E-0001
 2.35156934689797E+0004  1.33123844919877E+0005  6.33000000000000E-0001
 3.07981997250504E+0004  1.63557991671693E+0005  5.04000000000000E-0001
 4.07416434922873E+0004  2.00809794549379E+0005  4.01000000000000E-0001
 5.48427148627517E+0004  2.47497835954890E+0005  3.17000000000000E-0001
 7.39605705709996E+0004  3.02737288752248E+0005  2.52000000000000E-0001
 1.00754375025403E+0005  3.69495484322779E+0005  2.00000000000000E-0001
 1.37812081248779E+0005  4.48061946357105E+0005  1.59000000000000E-0001
 1.90091723097196E+0005  5.40941143440032E+0005  1.26000000000000E-0001
 2.61834631654220E+0005  6.45896209185972E+0005  1.00000000000000E-0001
