61
 2.56337697608593E+0002  2.80407358599180E+0000  1.00000000000000E+0005
 2.56417406882102E+0002  3.46593324313968E+0000  7.95000000000000E+0004
 2.56516704850154E+0002  4.29044252678913E+0000  6.31000000000000E+0004
 2.56638249958966E+0002  5.29967302784741E+0000  5.02000000000000E+0004
 2.56789066515018E+0002  6.55194613370940E+0000  3.99000000000000E+0004
 2.56978753147230E+0002  8.12695572208566E+0000  3.16000000000000E+0004
 2.57206320446655E+0002  1.00164778037078E+0001  2.52000000000000E+0004
 2.57493405694097E+0002  1.24001559443380E+0001  2.00000000000000E+0004
 2.57845917096158E+0002  1.53270245316722E+0001  1.59000000000000E+0004
 2.58288415399105E+0002  1.90009755096353E+0001  1.26000000000000E+0004
 2.58807118046905E+0002  2.33075322101009E+0001  1.01000000000000E+0004
 2.59473546815890E+0002  2.88404352456661E+0001  8.02000000000000E+0003
 2.60322260646695E+0002  3.58864698687713E+0001  6.33000000000000E+0003
 2.61354734483428E+0002  4.44576948913367E+0001  5.02000000000000E+0003
 2.62635580087047E+0002  5.50902210535132E+0001  3.98000000000000E+0003
 2.64188005549806E+0002  6.79763016815912E+0001  3.17000000000000E+0003
 2.66084707699623E+0002  8.37187836912448E+0001  2.53000000000000E+0003
 2.68648004981034E+0002  1.04991673038356E+0002  1.98000000000000E+0003
 2.71580514047520E+0002  1.29325448785142E+0002  1.58000000000000E+0003
 2.75064836980772E+0002  1.58233683756313E+0002  1.27000000000000E+0003
 2.79821431185726E+0002  1.97689707249632E+0002  9.98000000000000E+0002
 2.85325361705867E+0002  2.43333651530396E+0002  7.97000000000000E+0002
 2.92552596086755E+0002  3.03250600021794E+0002  6.28000000000000E+0002
 3.00632522975623E+0002  3.70212159755537E+0002  5.06000000000000E+0002
 3.11728254063436E+0002  4.62124645728957E+0002  3.98000000000000E+0002
 3.24985908461947E+0002  5.71881618518446E+0002  3.16000000000000E+0002
 3.41056957874040E+0002  7.04836768539419E+0002  2.52000000000000E+0002
 3.61838186828814E+0002  8.76607887420755E+0002  1.99000000000000E+0002
 3.87053059746467E+0002  1.08479786793248E+0003  1.58000000000000E+0002
 4.17637311721334E+0002  1.33698619316803E+0003  1.26000000000000E+0002
 4.56281612763664E+0002  1.65511289779248E+0003  1.00000000000000E+0002
 5.05282841710601E+0002  2.05766579451838E+0003  7.90000000000000E+0001
 5.62295974779184E+0002  2.52487206875430E+0003  6.33000000000000E+0001
 6.38220946762240E+0002  3.14512511783883E+0003  4.99000000000000E+0001
 7.29088099319074E+0002  3.88457623722981E+0003  3.97000000000000E+0001
 8.39847667475169E+0002  4.78173194406952E+0003  3.17000000000000E+0001
 9.88143297089227E+0002  5.97586245214818E+0003  2.49000000000000E+0001
 1.15998777520155E+0003  7.34968711030668E+0003  1.99000000000000E+0001
 1.38007799307579E+0003  9.09401154691698E+0003  1.58000000000000E+0001
 1.67084319771210E+0003  1.13730472855533E+0004  1.24000000000000E+0001
 2.00532598594887E+0003  1.39602031321413E+0004  9.93000000000000E+0000
 2.42271675027517E+0003  1.71389755260927E+0004  7.95000000000000E+0000
 2.96323777099635E+0003  2.11776547213920E+0004  6.32000000000000E+0000
 3.65610618424740E+0003  2.62340387245273E+0004  5.01000000000000E+0000
 4.56215857412487E+0003  3.26570441600984E+0004  3.95000000000000E+0000
 5.64913138267629E+0003  4.01046965513178E+0004  3.16000000000000E+0000
 7.11489977003609E+0003  4.97490562836169E+0004  2.50000000000000E+0000
 8.91944514753789E+0003  6.10695749996062E+0004  2.00000000000000E+0000
 1.13303118727068E+0004  7.53761984412589E+0004  1.59000000000000E+0000
 1.44264440385066E+0004  9.25982216948070E+0004  1.27000000000000E+0000
 1.88326818411529E+0004  1.15294881418626E+0005  9.99000000000000E-0001
 2.45906172883603E+0004  1.42426347207498E+0005  7.92000000000000E-0001
 3.20917596520277E+0004  1.74485987806237E+0005  6.33000000000000E-0001
 4.24555735857112E+0004  2.14225185370461E+0005  5.04000000000000E-0001
 5.67373032413039E+0004  2.62719198116689E+0005  4.01000000000000E-0001
 7.71556185926010E+0004  3.23219878111795E+0005  3.17000000000000E-0001
 1.05009664426507E+0005  3.94320037225294E+0005  2.52000000000000E-0001
 1.44180313739829E+0005  4.79401209190293E+0005  2.00000000000000E-0001
 1.98340124632451E+0005  5.78089873759471E+0005  1.59000000000000E-0001
 2.74346439080265E+0005  6.92286373008615E+0005  1.26000000000000E-0001
 3.77432083378017E+0005  8.17317113089491E+0005  1.00000000000000E-0001
