61
 6.13471170359519E+0001  1.01212463981804E+0000  1.00000000000000E+0005
 6.13588656187134E+0001  1.26449257195009E+0000  7.95000000000000E+0004
 6.13736596863909E+0001  1.58227726686408E+0000  6.31000000000000E+0004
 6.13919636712831E+0001  1.97545317054692E+0000  5.02000000000000E+0004
 6.14149202318823E+0001  2.46856215697468E+0000  3.99000000000000E+0004
 6.14441074396916E+0001  3.09549661166199E+0000  3.16000000000000E+0004
 6.14795009009764E+0001  3.85572584353955E+0000  2.52000000000000E+0004
 6.15246313460579E+0001  4.82507691890639E+0000  2.00000000000000E+0004
 6.15806464871675E+0001  6.02818402728529E+0000  1.59000000000000E+0004
 6.16517249419047E+0001  7.55476898137035E+0000  1.26000000000000E+0004
 6.17359315971995E+0001  9.36323371111525E+0000  1.01000000000000E+0004
 6.18452719170233E+0001  1.17113511823622E+0001  8.02000000000000E+0003
 6.19860531639377E+0001  1.47344551824157E+0001  6.33000000000000E+0003
 6.21592055754364E+0001  1.84523549027766E+0001  5.02000000000000E+0003
 6.23763634483344E+0001  2.31146100567721E+0001  3.98000000000000E+0003
 6.26424223115128E+0001  2.88259492247432E+0001  3.17000000000000E+0003
 6.29709685321736E+0001  3.58774668395358E+0001  2.53000000000000E+0003
 6.34199552133484E+0001  4.55118234709153E+0001  1.98000000000000E+0003
 6.39393485262179E+0001  5.66538718515416E+0001  1.58000000000000E+0003
 6.45630098262886E+0001  7.00283007172114E+0001  1.27000000000000E+0003
 6.54238072049026E+0001  8.84802736108142E+0001  9.98000000000000E+0002
 6.64310084729528E+0001  1.10059013914384E+0002  7.97000000000000E+0002
 6.77684724894632E+0001  1.38694267110463E+0002  6.28000000000000E+0002
 6.92803047073544E+0001  1.71036464115026E+0002  5.06000000000000E+0002
 7.13799414973392E+0001  2.15907233666829E+0002  3.98000000000000E+0002
 7.39182505217857E+0001  2.70081327721330E+0002  3.16000000000000E+0002
 7.70310301122180E+0001  3.36409862027298E+0002  2.52000000000000E+0002
 8.11046130609338E+0001  4.23035779602305E+0002  1.99000000000000E+0002
 8.61087731958430E+0001  5.29179667567203E+0002  1.58000000000000E+0002
 9.22547315796515E+0001  6.59136998220283E+0002  1.26000000000000E+0002
 1.00121685738451E+0002  8.24839790672232E+0002  1.00000000000000E+0002
 1.10235823257825E+0002  1.03682483973396E+0003  7.90000000000000E+0001
 1.22171969202696E+0002  1.28550218197345E+0003  6.33000000000000E+0001
 1.38311426861308E+0002  1.61922857114561E+0003  4.99000000000000E+0001
 1.57948688076963E+0002  2.02146777368903E+0003  3.97000000000000E+0001
 1.82304798190495E+0002  2.51472806760444E+0003  3.17000000000000E+0001
 2.15561183673874E+0002  3.17854414878590E+0003  2.49000000000000E+0001
 2.54934970921238E+0002  3.95067516248462E+0003  1.99000000000000E+0001
 3.06558413554723E+0002  4.94166911954750E+0003  1.58000000000000E+0001
 3.76648502881067E+0002  6.25111064436581E+0003  1.24000000000000E+0001
 4.59734336738296E+0002  7.75409843465765E+0003  9.93000000000000E+0000
 5.66836606452202E+0002  9.62057011739409E+0003  7.95000000000000E+0000
 7.10783020737130E+0002  1.20179598854764E+0004  6.32000000000000E+0000
 9.03331438842333E+0002  1.50533244823698E+0004  5.01000000000000E+0000
 1.16765833199128E+0003  1.89537500169141E+0004  3.95000000000000E+0000
 1.50190447016493E+0003  2.35281250286187E+0004  3.16000000000000E+0000
 1.97937860039657E+0003  2.95200217370132E+0004  2.50000000000000E+0000
 2.60486773298014E+0003  3.66351449181707E+0004  2.00000000000000E+0000
 3.49736500722089E+0003  4.57323928375686E+0004  1.59000000000000E+0000
 4.72564202720684E+0003  5.68138869234361E+0004  1.27000000000000E+0000
 6.60699981418635E+0003  7.15992518946161E+0004  9.99000000000000E-0001
 9.25821772701368E+0003  8.94983726116839E+0004  7.92000000000000E-0001
 1.29728029891699E+0004  1.10909902034808E+0005  6.33000000000000E-0001
 1.84822831128320E+0004  1.37772720540060E+0005  5.04000000000000E-0001
 2.66175007677125E+0004  1.70941496944301E+0005  4.01000000000000E-0001
 3.90481237486448E+0004  2.12777346026472E+0005  3.17000000000000E-0001
 5.70813926484089E+0004  2.62381334470991E+0005  2.52000000000000E-0001
 8.38720684958800E+0004  3.22040571542700E+0005  2.00000000000000E-0001
 1.22696648985006E+0005  3.91139724386551E+0005  1.59000000000000E-0001
 1.79233190223370E+0005  4.70089652467376E+0005  1.26000000000000E-0001
 2.57743192799337E+0005  5.53842027688187E+0005  1.00000000000000E-0001
