61
 6.21120151588172E+0001  1.88351641847814E+0000  1.00000000000000E+0005
 6.21612667397086E+0001  2.33162579427561E+0000  7.95000000000000E+0004
 6.22227154038578E+0001  2.89070691893510E+0000  6.31000000000000E+0004
 6.22980455529383E+0001  3.57608370841131E+0000  5.02000000000000E+0004
 6.23916589133486E+0001  4.42780235525999E+0000  3.99000000000000E+0004
 6.25095794996899E+0001  5.50066750543076E+0000  3.16000000000000E+0004
 6.26512635125940E+0001  6.78972683513158E+0000  2.52000000000000E+0004
 6.28302737735309E+0001  8.41836917343194E+0000  2.00000000000000E+0004
 6.30504142063020E+0001  1.04211909528083E+0001  1.59000000000000E+0004
 6.33271722260378E+0001  1.29390771639608E+0001  1.26000000000000E+0004
 6.36520764630550E+0001  1.58949330992247E+0001  1.01000000000000E+0004
 6.40701355819227E+0001  1.96981904636710E+0001  8.02000000000000E+0003
 6.46033643223255E+0001  2.45490524771559E+0001  6.33000000000000E+0003
 6.52530445195385E+0001  3.04590769787164E+0001  5.02000000000000E+0003
 6.60602403454545E+0001  3.78016656646574E+0001  3.98000000000000E+0003
 6.70400613470594E+0001  4.67140374269114E+0001  3.17000000000000E+0003
 6.82389491880296E+0001  5.76182965073453E+0001  2.53000000000000E+0003
 6.98616833830149E+0001  7.23762967952230E+0001  1.98000000000000E+0003
 7.17209898786922E+0001  8.92840099036823E+0001  1.58000000000000E+0003
 7.39333433200461E+0001  1.09399672043669E+0002  1.27000000000000E+0003
 7.69580159073347E+0001  1.36896885087028E+0002  9.98000000000000E+0002
 8.04631369682545E+0001  1.68755485059488E+0002  7.97000000000000E+0002
 8.50725403246703E+0001  2.10640700626987E+0002  6.28000000000000E+0002
 9.02331558115951E+0001  2.57520746810183E+0002  5.06000000000000E+0002
 9.73301069494634E+0001  3.21966747034474E+0002  3.98000000000000E+0002
 1.05822164655676E+0002  3.99044803017894E+0002  3.16000000000000E+0002
 1.16130605304220E+0002  4.92555695761125E+0002  2.52000000000000E+0002
 1.29478681663613E+0002  6.13552950635397E+0002  1.99000000000000E+0002
 1.45696487940073E+0002  7.60431756424490E+0002  1.58000000000000E+0002
 1.65393063401706E+0002  9.38622509438594E+0002  1.26000000000000E+0002
 1.90311176738343E+0002  1.16374762238959E+0003  1.00000000000000E+0002
 2.21945382737417E+0002  1.44906328112817E+0003  7.90000000000000E+0001
 2.58792244621877E+0002  1.78071039666530E+0003  6.33000000000000E+0001
 3.07911304409658E+0002  2.22168138120590E+0003  4.99000000000000E+0001
 3.66750696233820E+0002  2.74822557084872E+0003  3.97000000000000E+0001
 4.38525185182812E+0002  3.38805287238553E+0003  3.17000000000000E+0001
 5.34682603461027E+0002  4.24103899818555E+0003  2.49000000000000E+0001
 6.46155271921475E+0002  5.22395749344586E+0003  1.99000000000000E+0001
 7.88948681321473E+0002  6.47393732307262E+0003  1.58000000000000E+0001
 9.77575433928020E+0002  8.10982619692175E+0003  1.24000000000000E+0001
 1.19446957254074E+0003  9.96997154545970E+0003  9.93000000000000E+0000
 1.46491679945141E+0003  1.22592054810601E+0004  7.95000000000000E+0000
 1.81472918514769E+0003  1.51726463221854E+0004  6.32000000000000E+0000
 2.26238064615225E+0003  1.88267548348795E+0004  5.01000000000000E+0000
 2.84644588419284E+0003  2.34772478145110E+0004  3.95000000000000E+0000
 3.54520367444728E+0003  2.88800541310722E+0004  3.16000000000000E+0000
 4.48434167020925E+0003  3.58907318573263E+0004  2.50000000000000E+0000
 5.63609518545439E+0003  4.41378307920717E+0004  2.00000000000000E+0000
 7.16822153709133E+0003  5.45850020140848E+0004  1.59000000000000E+0000
 9.12663826060822E+0003  6.71942257881873E+0004  1.27000000000000E+0000
 1.18997361193143E+0004  8.38629465526704E+0004  9.99000000000000E-0001
 1.55052003077405E+0004  1.03861343227278E+0005  7.92000000000000E-0001
 2.01808221724469E+0004  1.27592270980606E+0005  6.33000000000000E-0001
 2.66161703297271E+0004  1.57159713921387E+0005  5.04000000000000E-0001
 3.54606375538599E+0004  1.93478809625940E+0005  4.01000000000000E-0001
 4.80938894686381E+0004  2.39185053178860E+0005  3.17000000000000E-0001
 6.53557766061540E+0004  2.93522655664902E+0005  2.52000000000000E-0001
 8.97533534252050E+0004  3.59565117094564E+0005  2.00000000000000E-0001
 1.23810508506662E+0005  4.37828971766350E+0005  1.59000000000000E-0001
 1.72355242591916E+0005  5.31153298348717E+0005  1.26000000000000E-0001
 2.39750245761942E+0005  6.37774257753551E+0005  1.00000000000000E-0001
